1000
0
666
1
700
Dublin
1
2029
6e+007
4
666
1
700
Atenas
1
2337
1.6583e+008
3
666
0
666
0
666
0
666
1
700
Hong_kong
1
1817
3.657e+007
4
666
1
700
Estambul
1
1001
3.48721e+008
5
700
Monterrey
1
900
1.28896e+008
4
666
0
666
0
666
1
700
Cairo
1
1350
3.16798e+008
2
666
1
700
Tromso
1
2969
3.2159e+007
4
666
1
700
Moscu
1
1750
1.28869e+006
6
700
San_Francisco
1
2400
1.50004e+008
4
666
1
700
Toronto
1
2000
2.4e+007
3
700
Mexico
1
1800
450000
4
666
0
666
1
700
Amsterdam
1
2233
595540
5
700
Madrid
1
1700
2.15397e+008
4
666
1
700
Berlin
1
1459
1.53291e+008
3
666
1
700
Sevilla
1
1217
3.8215e+007
2
700
Tokio
1
4800
1.617e+006
5
